I_Gained,Inky_Novel,Inky_Fused,Clyde_Novel,Clyde_Fused,I_Fused,param_set,run
0.3942264187171905,0.3942264187171905,0.0,0.3942264187171905,0.0,0.0,1,0
0.4148605959298287,0.4148605959298287,0.0,0.4148605959298287,0.0,0.0,1,1
0.25454647411266756,0.25454647411266756,0.0,0.25454647411266756,0.0,0.0,1,2
0.29390513871683455,0.29390513871683455,0.0,0.29390513871683455,0.0,0.0,1,3
0.29952450543822773,0.29952450543822773,0.0,0.29952450543822773,0.0,0.0,1,4
0.3686130745329801,0.3686130745329801,0.0,0.3686130745329801,0.0,0.0,1,5
0.21732933521367728,0.21732933521367728,0.0,0.11879675705548412,0.09853257815819316,0.09853257815819316,1,6
0.24290095511457643,0.0952104222307515,0.14769053288382494,0.24290095511457643,0.0,0.14769053288382494,1,7
0.4156957848710303,0.4156957848710303,0.0,0.4156957848710303,0.0,0.0,1,8
0.3287802281863924,0.3287802281863924,0.0,0.3287802281863924,0.0,0.0,1,9
0.2344266272920504,0.2344266272920504,0.0,0.11570420795167329,0.11872241934037712,0.11872241934037712,2,0
0.45560423194275596,0.45560423194275596,0.0,0.45560423194275596,0.0,0.0,2,1
0.3023146201922903,0.3023146201922903,0.0,0.3023146201922903,0.0,0.0,2,2
0.251613517033694,0.251613517033694,0.0,0.251613517033694,0.0,0.0,2,3
0.4081526196088159,0.4081526196088159,0.0,0.4081526196088159,0.0,0.0,2,4
0.32963444032570965,0.17786236599002964,0.15177207433568002,0.32963444032570965,0.0,0.15177207433568002,2,5
0.3769812088625912,0.3769812088625912,0.0,0.3769812088625912,0.0,0.0,2,6
0.2914150948341211,0.2914150948341211,0.0,0.2914150948341211,0.0,0.0,2,7
0.2942495545732948,0.1379273920647062,0.15632216250858863,0.2942495545732948,0.0,0.15632216250858863,2,8
0.33885121865149115,0.21484967743587863,0.12400154121561252,0.33885121865149115,0.0,0.12400154121561252,2,9
0.35733653116102215,0.35733653116102215,0.0,0.35733653116102215,0.0,0.0,3,0
0.3012826444248586,0.3012826444248586,0.0,0.3012826444248586,0.0,0.0,3,1
0.2776856948393283,0.2776856948393283,0.0,0.2776856948393283,0.0,0.0,3,2
0.28335906025584345,0.28335906025584345,0.0,0.28335906025584345,0.0,0.0,3,3
0.3682949209816693,0.3682949209816693,0.0,0.3682949209816693,0.0,0.0,3,4
0.22815582151383337,0.0757530858957293,0.15240273561810408,0.07575308591985475,0.15240273559397863,0.3048054712120827,3,5
0.42229581201069416,0.42229581201069416,0.0,0.42229581201069416,0.0,0.0,3,6
0.24865805785689257,0.20449504121476084,0.044163016642131736,0.24865805785689257,0.0,0.044163016642131736,3,7
0.20158029885573014,0.1253216577813875,0.07625864107434263,0.1253216578046556,0.07625864105107455,0.15251728212541718,3,8
0.31550138538999806,0.31550138538999806,0.0,0.31550138538999806,0.0,0.0,3,9
0.22165471750702914,0.12460205574703559,0.09705266175999355,0.22165471750702914,0.0,0.09705266175999355,4,0
0.16957333348647732,0.05237577363581498,0.11719755985066235,0.16957333348647732,0.0,0.11719755985066235,4,1
0.4612054023251177,0.4612054023251177,0.0,0.4612054023251177,0.0,0.0,4,2
0.16827177846387587,0.051339755514861,0.11693202294901486,0.16827177846387587,0.0,0.11693202294901486,4,3
0.20362507373438288,0.20362507373438288,0.0,0.09858732195234034,0.10503775178204254,0.10503775178204254,4,4
0.2628864039125899,0.08493070705646086,0.17795569685612903,0.2628864039125899,0.0,0.17795569685612903,4,5
0.1861317261785202,0.013398950068395688,0.1727327761101245,0.013398950068498451,0.17273277611002175,0.34546555222014624,4,6
0.4369610250135014,0.4369610250135014,0.0,0.4369610250135014,0.0,0.0,4,7
0.17805075132670467,0.05426250905990529,0.12378824226679938,0.05426250906648232,0.12378824226022235,0.24757648452702175,4,8
0.18065362851009806,0.0014964957220657792,0.17915713278803228,0.0014964957822207006,0.17915713272787737,0.3583142655159096,4,9
0.17453924604348617,0.09660758702997345,0.07793165901351272,0.09660758755879144,0.07793165848469473,0.15586331749820745,5,0
0.16013086512327968,0.16013086512327968,0.0,0.0017195873200052374,0.15841127780327444,0.15841127780327444,5,1
0.12002122038607359,0.12002122038607359,0.0,0.015950209040744043,0.10407101134532955,0.10407101134532955,5,2
0.22533935152748336,0.0542256463248091,0.17111370520267427,0.05422564748503379,0.17111370404244958,0.34222740924512385,5,3
0.17395407365756668,0.02029612412507124,0.15365794953249545,0.020296124192476544,0.15365794946509015,0.3073158989975856,5,4
0.2908873845590851,0.14567516094308805,0.14521222361599703,0.2908873845590851,0.0,0.14521222361599703,5,5
0.23032343695924212,0.04795843256347575,0.18236500439576636,0.23032343695924212,0.0,0.18236500439576636,5,6
0.18975128406346778,0.12258544217537366,0.06716584188809412,0.12258558286962586,0.06716570119384192,0.13433154308193604,5,7
0.3199914177413106,0.3199914177413106,0.0,0.3199914177413106,0.0,0.0,5,8
0.3663987575748808,0.3663987575748808,0.0,0.30977537092709423,0.056623386647786544,0.056623386647786544,5,9
0.1150696123567883,0.009322645677676596,0.1057469666791117,0.009322643609771423,0.10574696874701688,0.21149393542612857,6,0
0.060253908323351556,0.01423713912267054,0.04601676920068101,0.014237139123577033,0.04601676919977452,0.09203353840045553,6,1
0.17462019852561286,0.0033261801128822515,0.17129401841273062,0.0033261808341264964,0.17129401769148636,0.34258803610421695,6,2
0.18923694274038244,0.18458412747954478,0.004652815260837662,0.18923694274038244,0.0,0.004652815260837662,6,3
0.1291727429118751,0.1291727429118751,0.0,0.038162585994952966,0.09101015691692214,0.09101015691692214,6,4
0.20071391132582014,0.20071391132582014,0.0,0.16957561433713222,0.03113829698868792,0.03113829698868792,6,5
0.10676630396169662,0.1043122666744472,0.002454037287249425,0.10431226667247583,0.0024540372892207923,0.004908074576470217,6,6
0.1110092729850502,0.10253077554135424,0.008478497443695956,0.10253077548599328,0.008478497499056922,0.01695699494275288,6,7
0.04043316178205313,0.03564083601640288,0.004792325765650252,1.4962631669942088e-05,0.040418199150383194,0.045210524916033445,6,8
0.22559146646067935,0.17364543001147933,0.05194603644920001,0.17364540155382427,0.05194606490685508,0.10389210135605509,6,9
0.33110976789380087,0.33110976789380087,0.0,0.33110976789380087,0.0,0.0,1,0
0.24065952378567343,0.24065952378567343,0.0,0.12871717016254577,0.11194235362312766,0.11194235362312766,1,1
0.3552011976398182,0.3552011976398182,0.0,0.3552011976398182,0.0,0.0,1,2
0.44599069245658896,0.44599069245658896,0.0,0.44599069245658896,0.0,0.0,1,3
0.2728631789208392,0.2728631789208392,0.0,0.2728631789208392,0.0,0.0,1,4
0.39535151882194586,0.39535151882194586,0.0,0.39535151882194586,0.0,0.0,1,5
0.29922498112437595,0.17668260897344223,0.12254237215093372,0.29922498112437595,0.0,0.12254237215093372,1,6
0.28450230091518885,0.28450230091518885,0.0,0.28450230091518885,0.0,0.0,1,7
0.383210498744283,0.383210498744283,0.0,0.383210498744283,0.0,0.0,1,8
0.32284309892732455,0.32284309892732455,0.0,0.32284309892732455,0.0,0.0,1,9
0.14718085921124505,0.14718085921124505,0.0,0.06116316923693474,0.08601768997431031,0.08601768997431031,2,0
0.3903769831279663,0.3903769831279663,0.0,0.3903769831279663,0.0,0.0,2,1
0.4235546407207137,0.4235546407207137,0.0,0.4235546407207137,0.0,0.0,2,2
0.26449535408491065,0.26449535408491065,0.0,0.26449535408491065,0.0,0.0,2,3
0.30501793526793347,0.30501793526793347,0.0,0.30501793526793347,0.0,0.0,2,4
0.4478253825087887,0.30562696224370267,0.14219842026508606,0.4478253825087887,0.0,0.14219842026508606,2,5
0.2060747125625011,0.2060747125625011,0.0,0.2060747125625011,0.0,0.0,2,6
0.2744136080107853,0.2744136080107853,0.0,0.2744136080107853,0.0,0.0,2,7
0.22424721895757327,0.15380087599687847,0.0704463429606948,0.22424721895757327,0.0,0.0704463429606948,2,8
0.5635318243160429,0.5635318243160429,0.0,0.5635318243160429,0.0,0.0,2,9
0.32505039728688245,0.32505039728688245,0.0,0.32505039728688245,0.0,0.0,3,0
0.303323862991938,0.303323862991938,0.0,0.181529805889111,0.12179405710282698,0.12179405710282698,3,1
0.2521928650620301,0.2521928650620301,0.0,0.08052462161494629,0.1716682434470838,0.1716682434470838,3,2
0.33598212033339225,0.33598212033339225,0.0,0.33598212033339225,0.0,0.0,3,3
0.22562752463249247,0.028668436436617598,0.19695908819587488,0.02866843711553876,0.1969590875169537,0.3939181757128286,3,4
0.4794411660373946,0.4794411660373946,0.0,0.4794411660373946,0.0,0.0,3,5
0.14326982474674266,0.14326982474674266,0.0,0.016385495040610074,0.1268843297061326,0.1268843297061326,3,6
0.34631697393448274,0.34631697393448274,0.0,0.34631697393448274,0.0,0.0,3,7
0.39430348611365534,0.39430348611365534,0.0,0.39430348611365534,0.0,0.0,3,8
0.3294011552675653,0.3294011552675653,0.0,0.3294011552675653,0.0,0.0,3,9
0.24013884707068825,0.11395609730759168,0.12618274976309657,0.24013884707068825,0.0,0.12618274976309657,4,0
0.3332470711233639,0.3332470711233639,0.0,0.3332470711233639,0.0,0.0,4,1
0.26124186839648555,0.17010718030674452,0.09113468808974104,0.26124186839648555,0.0,0.09113468808974104,4,2
0.16466660986588375,0.060315955500249374,0.10435065436563437,0.06031595194164256,0.10435065792424118,0.20870131228987554,4,3
0.12417467644020809,0.01996357767655774,0.10421109876365035,0.019963577725161323,0.10421109871504677,0.2084221974786971,4,4
0.4638025341112479,0.4638025341112479,0.0,0.4638025341112479,0.0,0.0,4,5
0.36431828367107894,0.36431828367107894,0.0,0.36431828367107894,0.0,0.0,4,6
0.27169042782591546,0.27169042782591546,0.0,0.27169042782591546,0.0,0.0,4,7
0.3066493848091698,0.3066493848091698,0.0,0.3066493848091698,0.0,0.0,4,8
0.21665723222440653,0.21665723222440653,0.0,0.11096850405267583,0.1056887281717307,0.1056887281717307,4,9
0.2026866792871884,0.12626804141054104,0.07641863787664735,0.1262680403557192,0.07641863893146919,0.15283727680811654,5,0
0.19539777900000238,0.19539777900000238,0.0,0.10348983641972319,0.09190794258027919,0.09190794258027919,5,1
0.19676469423828472,0.060214730569820955,0.13654996366846375,0.19676469423828472,0.0,0.13654996366846375,5,2
0.21879278099943358,0.21879278099943358,0.0,0.16003498001728014,0.05875780098215344,0.05875780098215344,5,3
0.15490201620702784,0.0019778654979589103,0.15292415070906892,0.0019778654853354503,0.15292415072169238,0.3058483014307613,5,4
0.38119077834699167,0.38119077834699167,0.0,0.2981854077373978,0.08300537060959384,0.08300537060959384,5,5
0.27400907524054346,0.16422051163344473,0.10978856360709874,0.27400907524054346,0.0,0.10978856360709874,5,6
0.2128856755028417,0.2128856755028417,0.0,0.053907995125735596,0.1589776803771061,0.1589776803771061,5,7
0.2591042286606374,0.2591042286606374,0.0,0.13350712384988694,0.12559710481075048,0.12559710481075048,5,8
0.23872544125349288,0.14698584322256594,0.09173959803092693,0.14698584321770045,0.09173959803579243,0.18347919606671936,5,9
0.07341461336149405,0.05137266794576195,0.022041945415732095,0.05137266798169334,0.022041945379800705,0.0440838907955328,6,0
0.08946502794009638,0.006935210954740658,0.08252981698535572,0.006935211275702915,0.08252981666439346,0.16505963364974918,6,1
0.18114466234297472,0.013010344210371276,0.16813431813260343,0.013010350707646907,0.1681343116353278,0.33626862976793126,6,2
0.2663587671278114,0.2663587671278114,0.0,0.1640562802286233,0.10230248689918811,0.10230248689918811,6,3
0.1378162601345494,0.13554138461297557,0.0022748755215738214,0.1378162601345494,0.0,0.0022748755215738214,6,4
0.12958665956613,0.06664453114964636,0.06294212841648364,0.0666443776483857,0.0629422819177443,0.12588441033422793,6,5
0.1268426814873094,0.12017215470721314,0.006670526780096261,0.1201721531021801,0.0066705283851292985,0.01334105516522556,6,6
0.0839129760605291,0.018316948276517933,0.06559602778401116,0.01831694833472601,0.06559602772580309,0.13119205550981425,6,7
0.12761406276598422,0.006894006908176285,0.12072005585780793,0.006894006932228225,0.120720055833756,0.24144011169156393,6,8
0.07554037378511505,0.030655078588671766,0.044885295196443284,0.0306550785908887,0.04488529519422635,0.08977059039066963,6,9
